1 3042 18506 1
1 1695 17837 1
1 14914 20688 1
1 11375 19881 1
1 2362 18014 1
1 15093 20692 1
1 15467 20804 1
1 8340 18984 1
1 9582 19365 1
1 356 17420 1
1 10932 19787 1
1 7682 18802 1
1 3907 18428 1
1 7105 18704 1
1 4079 18477 1
1 15007 20692 1
1 17234 21295 1
1 10563 19665 1
1 16059 20976 1
1 7275 18767 1
1 13305 18310 0
1 10856 17313 0
1 12907 18391 0
1 8150 21208 0
1 2774 17552 0
1 11206 17463 0
1 11949 19243 0
1 3217 18192 0
1 4933 18429 0
1 13977 18728 0
1 3712 17370 0
1 15170 21246 0
1 16591 20142 0
1 13895 21302 0
1 1315 19019 0
1 1398 18131 0
1 14662 20015 0
1 17243 19755 0
1 16161 19782 0
1 9860 18811 0
2 3047 18207 1
2 16061 20977 1
2 3171 18550 1
2 11404 19887 1
2 11882 19972 1
2 2466 18025 1
2 7116 18704 1
2 2665 18114 1
2 9426 19332 1
2 6262 17900 1
2 11949 19990 1
2 15279 20735 1
2 10910 19787 1
2 13377 20293 1
2 12945 20235 1
2 2300 19898 1
2 1050 17629 1
2 10492 19644 1
2 553 17449 1
2 16337 20998 1
2 8967 19226 1
2 16458 21037 1
2 10783 19737 1
2 14303 20486 1
2 7118 18705 1
2 9938 19477 1
2 2662 18113 1
2 8879 19175 1
2 8169 18951 1
2 3715 18380 1
2 10546 18787 1
2 1146 17679 1
2 8899 19187 1
2 3230 18297 1
2 15854 20904 1
2 14220 18550 1
2 10814 19750 1
2 11953 19990 1
2 4250 18523 1
2 1712 17844 1
2 4089 18480 1
2 16959 21224 1
2 14642 20590 1
2 11963 19990 1
2 15535 20692 1
2 2034 17937 1
2 8773 19142 1
2 801 17534 1
2 4894 18636 1
2 2854 18157 1
2 14942 20688 1
2 9715 19405 1
2 16820 21181 1
2 15102 20692 1
2 10207 19567 1
2 16777 21221 1
2 6905 18663 1
2 10658 19712 1
2 13273 20270 1
2 2946 18190 1
2 2779 18147 1
2 15894 20919 1
2 9993 19504 1
2 1057 17633 1
2 12155 20037 1
2 14220 18272 1
2 4056 17512 0
2 4269 19727 0
2 9778 18684 0
2 14717 21040 0
2 6178 19781 0
2 359 20276 0
2 9920 18548 0
2 4161 20837 0
2 12226 17867 0
2 5478 19118 0
2 3397 19700 0
2 8461 18146 0
2 1364 19722 0
2 16821 21205 0
2 12848 18337 0
2 4209 19428 0
2 7924 20539 0
2 10892 19564 0
2 12094 17948 0
2 13687 20497 0
2 6436 18889 0
2 11192 20969 0
2 769 20548 0
2 5341 20206 0
2 8261 21108 0
2 10061 20542 0
2 4160 19083 0
2 5749 17831 0
2 15558 18593 0
2 15506 18051 0
2 13828 18940 0
2 5894 19393 0
2 15222 20382 0
2 10851 19860 0
2 14026 20954 0
2 13775 20436 0
2 11998 18900 0
2 1125 20281 0
2 2007 17714 0
2 2790 17773 0
2 5555 18925 0
2 1688 21104 0
2 3493 20094 0
2 9238 20323 0
2 12769 17544 0
2 5949 19138 0
2 11786 18346 0
2 15451 21075 0
2 5817 19738 0
2 8444 18538 0
2 13683 19147 0
2 4655 20434 0
2 8695 20289 0
2 14938 21116 0
2 6526 17644 0
2 419 18967 0
2 14075 19466 0
2 744 17536 0
2 6609 17860 0
2 6887 18367 0
2 1454 19543 0
2 2381 21044 0
2 6015 19073 0
2 305 20200 0
2 11564 18005 0
2 1544 20279 0
3 6017 18636 1
3 11114 19844 1
3 600 17457 1
3 13662 18539 1
3 2041 17937 1
3 14681 20608 1
3 9672 19393 1
3 6110 18636 1
3 1449 17756 1
3 12114 20025 1
3 11833 19950 1
3 7229 18748 1
3 2550 18059 1
3 12200 20046 1
3 8675 19104 1
3 10657 19712 1
3 558 17449 1
3 16563 21081 1
3 7660 18802 1
3 5916 18636 1
3 8269 18972 1
3 9866 19712 1
3 1928 17917 1
3 15057 20692 1
3 6562 18636 1
3 13986 20404 1
3 3338 18337 1
3 1942 17922 1
3 13629 20335 1
3 10208 19567 1
3 12157 20037 1
3 4712 18636 1
3 897 17554 1
3 6930 18671 1
3 11055 19834 1
3 1487 17786 1
3 17005 21224 1
3 6434 18636 1
3 5249 18636 1
3 822 17537 1
3 14220 18272 1
3 3305 18323 1
3 479 17434 1
3 3482 18374 1
3 8995 19241 1
3 12920 20228 1
3 12238 20061 1
3 4843 18636 1
3 13791 20375 1
3 10546 19658 1
3 4704 18636 1
3 14032 20430 1
3 16817 21179 1
3 13310 20276 1
3 11705 19924 1
3 1024 17618 1
3 6661 18636 1
3 4558 18594 1
3 4672 18636 1
3 16911 21214 1
3 6508 18636 1
3 6052 18636 1
3 7605 18802 1
3 9818 19434 1
3 14428 20515 1
3 15823 20902 1
3 10598 19683 1
3 7821 18849 1
3 9924 19476 1
3 11213 19864 1
3 7646 18802 1
3 10488 19643 1
3 8489 19036 1
3 6025 18636 1
3 9943 19481 1
3 7674 18802 1
3 7853 18863 1
3 11181 19860 1
3 11128 17417 1
3 12670 20185 1
3 2911 18181 1
3 1746 17860 1
3 8349 18989 1
3 6641 18636 1
3 5468 18636 1
3 9008 19241 1
3 5889 18636 1
3 13167 20270 1
3 16920 21217 1
3 12251 20062 1
3 2300 18003 1
3 3703 18378 1
3 2642 18103 1
3 17241 21298 1
3 7686 18802 1
3 10286 19596 1
3 14888 20688 1
3 7335 18786 1
3 13390 20301 1
3 3244 18299 1
3 1870 17901 1
3 2692 18125 1
3 16935 21220 1
3 3533 18378 1
3 454 17429 1
3 14907 20688 1
3 16368 20998 1
3 9445 18636 1
3 8896 20998 1
3 6221 18636 1
3 13593 20317 1
3 14246 20486 1
3 12474 20142 1
3 8899 18787 1
3 14134 19108 1
3 1111 18819 1
3 14894 20688 1
3 16053 20973 1
3 1096 17653 1
3 4515 18578 1
3 14574 20557 1
3 11201 19862 1
3 13025 20238 1
3 15845 20904 1
3 14170 20464 1
3 12084 20012 1
3 15071 20692 1
3 3252 18302 1
3 14137 20451 1
3 1828 17889 1
3 3394 18636 1
3 7663 18802 1
3 10069 19538 1
3 8656 19096 1
3 14120 20444 1
3 12794 20195 1
3 9569 19365 1
3 10605 19689 1
3 5728 18636 1
3 2191 17974 1
3 12210 20053 1
3 9188 19286 1
3 11430 19898 1
3 5899 18636 1
3 8162 18951 1
3 1786 17756 1
3 8789 19146 1
3 5815 18636 1
3 9940 19478 1
3 5100 18636 1
3 16837 21190 1
3 1663 17830 1
3 10618 19700 1
3 332 17417 1
3 9706 19399 1
3 4911 18636 1
3 1764 17866 1
3 15942 20935 1
3 10574 19673 1
3 14037 20433 1
3 13651 20344 1
3 3868 18414 1
3 15064 20692 1
3 6866 18640 1
3 11413 19890 1
3 12740 20195 1
3 5524 18636 1
3 7587 18802 1
3 3366 18337 1
3 10972 19791 1
3 3325 18332 1
3 5471 18636 1
3 14981 20690 1
3 3963 18451 1
3 9402 19332 1
3 7323 18781 1
3 10147 19557 1
3 2220 17983 1
3 5854 18636 1
3 3802 18397 1
3 335 17417 1
3 3988 18452 1
3 2783 18147 1
3 7221 18748 1
3 5001 20274 1
3 2205 17974 1
3 9626 19380 1
3 14178 20467 1
3 8441 19030 1
3 4769 18636 1
3 3707 18380 1
3 8528 19051 1
3 12483 20142 1
3 10434 19621 1
3 9527 19361 1
3 17030 21236 1
3 6128 18636 1
3 7925 18883 1
3 13536 20309 1
3 10798 19743 1
3 2853 18157 1
3 17091 21250 1
3 16179 21273 1
3 9583 19365 1
3 709 17507 1
3 17044 21244 1
3 10199 19567 1
3 46 17318 1
3 12886 20219 1
3 9069 19252 1
3 11511 17522 1
3 9163 19281 1
3 5853 18636 1
3 3589 18378 1
3 12269 20074 1
3 7040 17496 1
3 11847 19955 1
3 7427 18787 1
3 4472 18555 1
3 5518 18636 1
3 15863 20904 1
3 13049 20239 1
3 15628 20838 1
3 8054 18924 1
3 5873 18636 1
3 7943 18885 1
3 5187 18636 1
3 8073 18934 1
3 6100 18636 1
3 12636 20486 1
3 125 17339 1
3 12489 20142 1
3 14228 20484 1
3 11498 19898 1
3 175 17347 1
3 1511 17795 1
3 711 17508 1
3 12458 20141 1
3 11659 19923 1
3 9966 19494 1
3 5177 18636 1
3 15531 20806 1
3 8271 18972 1
3 8146 18947 1
3 104 17339 1
3 7876 18876 1
3 4062 18471 1
3 632 17465 1
3 16984 21224 1
3 2479 18031 1
3 16497 21056 1
3 5079 18636 1
3 11788 21157 1
3 14828 20669 1
3 2104 17943 1
3 2523 18053 1
3 15683 20856 1
3 2802 18147 1
3 11392 19887 1
3 13763 20375 1
3 15566 20819 1
3 649 17474 1
3 10241 19579 1
3 6462 18636 1
3 3609 18378 1
3 13923 20375 1
3 16009 20956 1
3 3088 18229 1
3 14227 20484 1
3 4907 18636 1
3 1991 17937 1
3 4901 18636 1
3 15013 20692 1
3 7379 18786 1
3 10408 19612 1
3 9359 19330 1
3 10921 19787 1
3 16068 20981 1
3 11911 19976 1
3 4825 18636 1
3 14099 20444 1
3 11875 19971 1
3 4702 18636 1
3 14167 20462 1
3 14174 20465 1
3 7006 18683 1
3 8837 19162 1
3 1395 17755 1
3 12601 20174 1
3 8287 18975 1
3 15339 20756 1
3 343 17419 1
3 7613 18802 1
3 3035 18206 1
3 2275 18003 1
3 14196 20469 1
3 3936 18442 1
3 14087 20443 1
3 13177 20270 1
3 14671 20604 1
3 14938 20688 1
3 16663 21098 1
3 2210 17975 1
3 15807 20891 1
3 16771 17874 1
3 6133 18636 1
3 7794 18836 1
3 3297 18318 1
3 4465 20479 1
3 16177 20998 1
3 10741 19730 1
3 10503 19647 1
3 3765 18397 1
3 6205 18636 1
3 7579 18802 1
3 9169 19281 1
3 3547 18378 1
3 1461 20853 1
3 1256 17704 1
3 2146 17957 1
3 2817 18147 1
3 8106 18937 1
3 595 17457 1
3 5460 20998 1
3 8378 19004 1
3 40 17313 1
3 14814 20660 1
3 13118 20260 1
3 1920 17916 1
3 7205 18743 1
3 10889 19774 1
3 8589 19074 1
3 11022 19819 1
3 20 17306 1
3 1750 17862 1
3 9990 19503 1
3 8572 19065 1
3 16085 20995 1
3 9433 20552 1
3 11590 19923 1
3 2380 18022 1
3 11549 19908 1
3 4501 18569 1
3 16584 21089 1
3 4425 18540 1
3 12913 20227 1
3 13446 20309 1
3 11068 19840 1
3 16163 20998 1
3 2870 18168 1
3 11891 19975 1
3 871 17547 1
3 16857 21194 1
3 5862 18636 1
3 6722 18636 1
3 16358 20998 1
3 7771 18833 1
3 1183 17683 1
3 42 17315 1
3 2997 18201 1
3 1646 17830 1
3 7860 18866 1
3 7666 18802 1
3 8268 18972 1
3 3648 18378 1
3 4913 18636 1
3 2077 17937 1
3 15027 20692 1
3 2309 18003 1
3 14321 20491 1
3 7055 18683 1
3 6891 21300 1
3 16862 21198 1
3 14634 20585 1
3 1524 17797 1
3 2323 18005 1
3 4381 18540 1
3 13074 20245 1
3 12508 20142 1
3 627 17462 1
3 15110 20692 1
3 10179 19562 1
3 7362 18786 1
3 2686 18120 1
3 11556 19912 1
3 1423 17756 1
3 17196 21280 1
3 15485 20806 1
3 15557 20816 1
3 5125 18636 1
3 14406 20511 1
3 9676 19395 1
3 7295 18777 1
3 6376 18636 1
3 5970 18636 1
3 14485 20526 1
3 4878 18636 1
3 3132 18250 1
3 14392 20511 1
3 5425 18636 1
3 973 17592 1
3 14299 20486 1
3 13655 19316 1
3 1389 17755 1
3 491 18378 1
3 6969 18683 1
3 14552 20552 1
3 3334 18337 1
3 6988 18683 1
3 368 17422 1
3 1847 17891 1
3 11356 20998 1
3 1384 17751 1
3 11210 20743 1
3 272 17389 1
3 5869 18636 1
3 2677 18115 1
3 11224 19864 1
3 15308 20743 1
3 7021 18683 1
3 12544 20156 1
3 6098 18636 1
3 17184 21271 1
3 3504 18378 1
3 9902 19475 1
3 2728 18143 1
3 425 17429 1
3 2488 19078 1
3 6527 18636 1
3 9098 19256 1
3 11357 19881 1
3 9964 19494 1
3 3083 18225 1
3 7204 18743 1
3 16728 21132 1
3 10900 19782 1
3 13565 20309 1
3 17053 21250 1
3 6883 18651 1
3 9886 19468 1
3 12164 20039 1
3 3114 18238 1
3 8886 19178 1
3 342 17419 1
3 14558 20552 1
3 15575 20823 1
3 9424 19293 1
3 12026 20004 1
3 13058 20241 1
3 2732 18143 1
3 699 17503 1
3 8712 19115 1
3 705 17507 1
3 13339 17532 1
3 166 17344 1
3 14680 20608 1
3 14641 20589 1
3 9963 19494 1
3 1960 17928 1
3 15108 20692 1
3 13224 20270 1
3 11419 19893 1
3 12385 20121 1
3 12874 20219 1
3 4150 18509 1
3 4955 18636 1
3 5085 18636 1
3 10771 19734 1
3 14752 20628 1
3 6441 18636 1
3 12724 20195 1
3 16990 21224 1
3 16344 20998 1
3 13640 20341 1
3 1028 17618 1
3 16503 21062 1
3 8024 18923 1
3 9992 19504 1
3 6401 18636 1
3 12536 20154 1
3 9822 19435 1
3 6702 18636 1
3 16507 21065 1
3 8545 19053 1
3 8426 19023 1
3 2769 18147 1
3 14620 20579 1
3 12017 20004 1
3 15095 20692 1
3 3743 18389 1
3 3942 18445 1
3 5392 18636 1
3 10545 19657 1
3 962 17587 1
3 12432 20130 1
3 4196 18519 1
3 7334 18786 1
3 12321 20092 1
3 6799 18636 1
3 5776 18636 1
3 12046 20009 1
3 11375 19881 1
3 10311 19596 1
3 14168 20462 1
3 8654 19094 1
3 2839 17750 1
3 10236 19579 1
3 573 17455 1
3 3587 18378 1
3 335 19844 1
3 7453 17583 1
3 8896 18636 1
3 3452 18370 1
3 10490 19644 1
3 16227 20998 1
3 11612 19923 1
3 545 17447 1
3 1077 17641 1
3 1156 17679 1
3 1601 17822 1
3 10513 19648 1
3 10440 19623 1
3 14490 20531 1
3 11390 19886 1
3 4528 18584 1
3 5803 18636 1
3 2127 17950 1
3 6409 18636 1
3 1368 17738 1
3 7406 18024 1
3 1645 17829 1
3 8050 18923 1
3 10045 19522 1
3 82 17332 1
3 13335 20284 1
3 17204 21285 1
3 148 17339 1
3 14909 20688 1
3 320 17410 1
3 3415 18360 1
3 5570 18636 1
3 2034 17937 1
3 5833 18636 1
3 3548 18378 1
3 4152 18509 1
3 3688 18378 1
3 9774 19416 1
3 533 17443 1
3 7698 18802 1
3 7694 18802 1
3 7713 18807 1
3 13736 20369 1
3 8313 18983 1
3 2825 18157 1
3 10654 19712 1
3 17197 21280 1
3 15702 19940 1
3 8374 19003 1
3 2004 17937 1
3 5298 18636 1
3 3311 18326 1
3 6653 18636 1
3 7721 18813 1
3 15567 20819 1
3 13884 20375 1
3 10670 20188 1
3 2890 18179 1
3 9315 19324 1
3 11695 19924 1
3 10693 19717 1
3 2630 18098 1
3 9248 19281 1
3 1908 17914 1
3 16154 20998 1
3 7288 18772 1
3 12015 20004 1
3 4187 18517 1
3 6560 18636 1
3 6946 18680 1
3 7343 18786 1
3 16974 21224 1
3 13881 20375 1
3 15781 20886 1
3 15388 20774 1
3 9915 19476 1
3 15626 20837 1
3 5423 18636 1
3 4462 18549 1
3 1547 17806 1
3 11880 19972 1
3 12450 20139 1
3 2759 18147 1
3 16780 21154 1
3 7882 18876 1
3 16067 20980 1
3 7964 18893 1
3 14082 20442 1
3 3809 18397 1
3 9738 19416 1
3 7149 18721 1
3 15144 20692 1
3 9397 19332 1
3 5429 18636 1
3 7513 18802 1
3 14899 20688 1
3 4944 18636 1
3 16464 21037 1
3 11784 19943 1
3 3151 18262 1
3 11755 19940 1
3 107 17339 1
3 8976 19234 1
3 2999 18201 1
3 8673 19104 1
3 5556 18636 1
3 5906 18636 1
3 9784 19416 1
3 552 17449 1
3 9361 19330 1
3 14214 20475 1
3 8562 19064 1
3 5759 18636 1
3 12715 20274 1
3 8923 19202 1
3 15172 20692 1
3 3672 18378 1
3 7438 18024 1
3 13702 20364 1
3 11154 19851 1
3 11226 19864 1
3 9880 19466 1
3 12700 20190 1
3 7008 18683 1
3 8392 19007 1
3 13439 20309 1
3 4692 18636 1
3 5984 18636 1
3 16607 21089 1
3 6970 18683 1
3 2878 18175 1
3 9459 19334 1
3 16061 20977 1
3 7569 18802 1
3 13300 20274 1
3 1139 17678 1
3 714 17508 1
3 6423 18636 1
3 8494 19039 1
3 12312 20087 1
3 4648 18636 1
3 14185 20468 1
3 5452 18636 1
3 17047 21246 1
3 5709 18636 1
3 4890 18636 1
3 4855 18636 1
3 14460 20516 1
3 255 17377 1
3 11917 19976 1
3 15675 20855 1
3 11454 19898 1
3 6267 18636 1
3 5140 18636 1
3 4591 18614 1
3 14896 19550 1
3 377 17426 1
3 13988 20405 1
3 15313 20745 1
3 6322 18636 1
3 5007 18636 1
3 664 17486 1
3 9685 19398 1
3 7458 18797 1
3 9254 19307 1
3 10074 19540 1
3 1255 17704 1
3 1831 17883 1
3 5056 18636 1
3 9116 19268 1
3 5473 18636 1
3 11774 19940 1
3 14760 20632 1
3 8289 18976 1
3 6810 18636 1
3 13838 20375 1
3 7174 18730 1
3 7040 18683 1
3 16468 21040 1
3 2790 18147 1
3 4992 18636 1
3 3601 18378 1
3 14241 20486 1
3 14632 20585 1
3 14533 20548 1
3 1503 17792 1
3 2279 18003 1
3 15316 20748 1
3 2579 18078 1
3 17175 21269 1
3 2518 18050 1
3 11787 19946 1
3 7004 18683 1
3 12774 20195 1
3 2389 18022 1
3 9338 19326 1
3 8524 19050 1
3 14296 20486 1
3 14563 20552 1
3 1201 17684 1
3 4441 18544 1
3 3120 18240 1
3 4534 18584 1
3 5262 18636 1
3 6765 18636 1
3 13432 20309 1
3 4228 18519 1
3 11906 19975 1
3 613 17457 1
3 7408 18787 1
3 11361 19881 1
3 13020 18204 1
3 7105 18704 1
3 6516 18636 1
3 8088 18934 1
3 11993 20000 1
3 7310 18781 1
3 6973 18683 1
3 7726 18816 1
3 11881 19972 1
3 7058 18292 1
3 10997 19809 1
3 2157 17962 1
3 16093 20998 1
3 16577 21088 1
3 1670 17830 1
3 1182 17683 1
3 16915 21215 1
3 11384 19882 1
3 4104 18490 1
3 2798 18147 1
3 5000 18636 1
3 11352 19165 1
3 15690 20856 1
3 8428 19025 1
3 3794 18397 1
3 13742 20369 1
3 3676 18378 1
3 10427 19617 1
3 14410 20511 1
3 10990 19805 1
3 3086 18227 1
3 10974 19793 1
3 16398 21011 1
3 6195 18636 1
3 7333 18786 1
3 4567 18587 1
3 9386 18561 1
3 7481 18802 1
3 9934 19476 1
3 5310 18636 1
3 16843 21191 1
3 1106 17660 1
3 1288 17711 1
3 10312 19596 1
3 11571 19921 1
3 8871 19332 1
3 5763 18636 1
3 13293 20274 1
3 12357 20107 1
3 12107 20023 1
3 14666 20601 1
3 15032 18671 1
3 6978 18683 1
3 945 17579 1
3 4582 18610 1
3 6851 18636 1
3 4873 18636 1
3 5190 18636 1
3 14627 20584 1
3 6031 18636 1
3 13430 20309 1
3 10478 19641 1
3 5779 18636 1
3 13845 20375 1
3 14298 20486 1
3 14805 20655 1
3 11362 19881 1
3 6273 18636 1
3 12111 20025 1
3 12425 20127 1
3 4812 18636 1
3 598 17457 1
3 9736 19416 1
3 6499 18636 1
3 9035 19245 1
3 9212 19292 1
3 11946 19990 1
3 1883 17902 1
3 15149 20692 1
3 8484 19036 1
3 11885 19975 1
3 6734 18636 1
3 15762 20886 1
3 5887 18636 1
3 13251 20270 1
3 14662 18489 1
3 2897 18181 1
3 11635 19923 1
3 6638 18636 1
3 3653 18378 1
3 15867 20904 1
3 15279 20735 1
3 8222 18960 1
3 7889 18876 1
3 6023 18636 1
3 6636 18636 1
3 13825 20375 1
3 9723 19410 1
3 15125 20692 1
3 2553 18061 1
3 7306 18781 1
3 8092 18934 1
3 686 17496 1
3 10763 19730 1
3 3840 18399 1
3 2564 18067 1
3 2862 18162 1
3 7426 18787 1
3 200 17357 1
3 5754 18636 1
3 15066 20692 1
3 3034 18206 1
3 7877 18876 1
3 13496 20309 1
3 10819 19754 1
3 9540 19362 1
3 12243 20061 1
3 5362 18636 1
3 15433 20790 1
3 778 17529 1
3 7899 18876 1
3 9762 19416 1
3 17022 21232 1
3 1720 17848 1
3 9814 19431 1
3 117 17339 1
3 15408 20779 1
3 13660 20347 1
3 1528 17799 1
3 612 17457 1
3 1525 17798 1
3 2493 18038 1
3 10495 18579 1
3 218 17361 1
3 1377 17747 1
3 1210 17684 1
3 10820 19754 1
3 11979 19994 1
3 6332 18636 1
3 4313 18539 1
3 736 17520 1
3 10721 18721 1
3 15702 20860 1
3 17278 21316 1
3 10097 19550 1
3 12361 20109 1
3 3644 18378 1
3 8764 19137 1
3 1712 17844 1
3 6719 18636 1
3 7775 18833 1
3 1397 17755 1
3 15576 20824 1
3 8721 19122 1
3 12031 20004 1
3 14027 20425 1
3 1800 17882 1
3 3110 18235 1
3 12645 20184 1
3 10456 19634 1
3 15318 20749 1
3 3541 18378 1
3 10783 19737 1
3 11907 19975 1
3 3345 17621 1
3 8525 19050 1
3 10237 19579 1
3 5942 18636 1
3 13250 20270 1
3 16354 20998 1
3 5025 18636 1
3 15978 20955 1
3 13733 20369 1
3 4128 18501 1
3 15178 20692 1
3 13574 20311 1
3 16472 21043 1
3 10277 19596 1
3 12127 20025 1
3 7712 18807 1
3 16111 20998 1
3 5538 18636 1
3 12896 20219 1
3 9136 19277 1
3 14717 20616 1
3 6825 18781 1
3 744 17521 1
3 13524 20309 1
3 14833 20670 1
3 310 17406 1
3 14895 20688 1
3 4585 18610 1
3 10748 18540 1
3 1007 17609 1
3 2751 18147 1
3 14295 20486 1
3 9366 19330 1
3 8550 19055 1
3 5138 18636 1
3 2153 17961 1
3 5183 18275 0
3 3937 19196 0
3 8665 19156 0
3 7409 20115 0
3 2544 17779 0
3 2267 17950 0
3 9956 20917 0
3 10260 20507 0
3 2449 17567 0
3 4996 17603 0
3 5517 18573 0
3 8688 20313 0
3 9315 18344 0
3 9625 17332 0
3 8269 21003 0
3 15811 18672 0
3 12445 20121 0
3 13356 17424 0
3 8112 19859 0
3 154 19839 0
3 9051 20133 0
3 6119 19606 0
3 14559 18384 0
3 7004 18762 0
3 6299 20241 0
3 7296 17471 0
3 4490 20958 0
3 13522 20996 0
3 13858 18743 0
3 5565 17712 0
3 14094 18750 0
3 10963 18172 0
3 13284 17584 0
3 7465 18120 0
3 2421 17757 0
3 2932 19527 0
3 1864 18351 0
3 11535 20211 0
3 14251 21064 0
3 10761 18330 0
3 16194 19822 0
3 12451 18396 0
3 7158 19777 0
3 7988 20819 0
3 7425 18952 0
3 16013 21038 0
3 15507 18574 0
3 11638 18417 0
3 11207 20065 0
3 11570 19219 0
3 5034 20518 0
3 12805 20657 0
3 9915 18100 0
3 7059 20067 0
3 13150 18717 0
3 10697 17848 0
3 3930 19273 0
3 10291 21142 0
3 751 17673 0
3 16447 20386 0
3 2557 19476 0
3 9885 19630 0
3 921 19629 0
3 7883 20895 0
3 1754 17430 0
3 11125 20347 0
3 16669 17847 0
3 3375 17502 0
3 12031 19029 0
3 7625 17977 0
3 6077 20802 0
3 2872 17836 0
3 7532 17573 0
3 11779 17655 0
3 16612 19668 0
3 10767 18388 0
3 11143 21237 0
3 9735 19241 0
3 16141 18166 0
3 13236 18644 0
3 13691 18758 0
3 4557 20829 0
3 13151 20491 0
3 10761 17587 0
3 11278 17344 0
3 58 19082 0
3 15413 18343 0
3 10574 19551 0
3 8243 20792 0
3 12203 18332 0
3 14960 20570 0
3 8203 17676 0
3 16871 19259 0
3 3728 19594 0
3 15251 19907 0
3 4204 18143 0
3 15021 17768 0
3 14421 17719 0
3 8871 19816 0
3 13853 21003 0
3 1454 18780 0
3 4038 18390 0
3 15559 17967 0
3 489 19570 0
3 6884 18489 0
3 15203 17424 0
3 6056 17775 0
3 12016 20257 0
3 4740 20059 0
3 1287 18459 0
3 1085 18279 0
3 5738 19299 0
3 9952 20226 0
3 6558 18637 0
3 2114 17727 0
3 8825 18473 0
3 9554 20849 0
3 1731 20646 0
3 5480 21112 0
3 7928 20361 0
3 15587 21218 0
3 14336 19068 0
3 4978 18151 0
3 543 18898 0
3 6956 19064 0
3 16947 17981 0
3 9848 17730 0
3 14561 20241 0
3 14809 19430 0
3 6500 20012 0
3 6201 17490 0
3 7227 19099 0
3 5796 19152 0
3 472 20524 0
3 4740 19448 0
3 16776 17471 0
3 16390 18394 0
3 9832 18908 0
3 15866 17778 0
3 15750 17367 0
3 11048 20789 0
3 1579 18244 0
3 9711 18002 0
3 9641 18765 0
3 3776 18612 0
3 6607 18102 0
3 5880 20833 0
3 2747 21108 0
3 16281 19059 0
3 7720 20690 0
3 5032 18139 0
3 8428 19372 0
3 10995 18911 0
3 15413 18411 0
3 473 20623 0
3 15605 20026 0
3 7792 17567 0
3 2512 18923 0
3 756 18190 0
3 14841 19576 0
3 5130 20072 0
3 4073 19202 0
3 6820 17427 0
3 3918 19438 0
3 7282 20702 0
3 8959 18953 0
3 9053 21152 0
3 9706 18407 0
3 944 20817 0
3 10687 19275 0
3 4044 20294 0
3 423 18245 0
3 7261 19733 0
3 3482 18791 0
3 15658 18318 0
3 7674 18932 0
3 11352 18510 0
3 15668 20269 0
3 9974 20157 0
3 3722 18123 0
3 10893 18766 0
3 13808 17323 0
3 15371 21072 0
3 3099 19585 0
3 2471 20105 0
3 4549 20288 0
3 13366 19490 0
3 8854 17964 0
3 3111 18292 0
3 6201 18982 0
3 2219 21057 0
3 557 19278 0
3 4168 19166 0
3 6800 17672 0
3 7033 19011 0
3 16327 18651 0
3 14939 20562 0
3 756 20915 0
3 5529 21166 0
3 466 20933 0
3 10546 18071 0
3 12923 20084 0
3 15506 18661 0
3 16743 19400 0
3 2867 18561 0
3 249 19578 0
3 1986 19447 0
3 5934 20495 0
3 6184 18796 0
3 7059 20342 0
3 14346 17760 0
3 823 20775 0
3 10605 20074 0
3 17260 18139 0
3 13170 19788 0
3 6838 21158 0
3 10419 20137 0
3 4446 20723 0
3 6636 20979 0
3 7813 17452 0
3 8645 17368 0
3 6062 18788 0
3 3264 18558 0
3 1876 21201 0
3 12938 20006 0
3 4775 20610 0
3 5128 19727 0
3 6673 17800 0
3 9040 20460 0
3 11749 17484 0
3 12339 19245 0
3 3991 21238 0
3 2350 17564 0
3 8206 19845 0
3 593 20288 0
3 1137 18405 0
3 4373 17901 0
3 11914 20341 0
3 9355 19128 0
3 8061 19633 0
3 15997 20940 0
3 5380 21180 0
3 4666 19563 0
3 1465 19669 0
3 16669 20238 0
3 11937 17606 0
3 13125 21164 0
3 16732 21303 0
3 10824 18858 0
3 14984 18413 0
3 6697 19591 0
3 7475 17789 0
3 13493 19575 0
3 6630 20090 0
3 9244 21292 0
3 7738 18037 0
3 14667 17673 0
3 13778 17824 0
3 8075 18579 0
3 1385 20210 0
3 15829 20834 0
3 5354 19672 0
3 14553 17691 0
3 13537 18065 0
3 13875 20991 0
3 4220 18982 0
3 5261 19212 0
3 11234 20587 0
3 11253 18591 0
3 11971 18926 0
3 12272 17356 0
3 4068 17567 0
3 4903 17347 0
3 7394 17356 0
3 5819 19814 0
3 5024 19018 0
3 6503 19319 0
3 11225 20877 0
3 14570 17943 0
3 11611 18112 0
3 7822 19821 0
3 2494 18071 0
3 5012 20635 0
3 13166 17903 0
3 13719 20683 0
3 14864 17470 0
3 15431 17383 0
3 11119 19089 0
3 977 17492 0
3 11828 19126 0
3 1622 18971 0
3 6985 18091 0
3 11226 20506 0
3 7464 20826 0
3 12192 17683 0
3 13747 20158 0
3 16213 17670 0
3 12221 19820 0
3 3321 19026 0
3 9366 18824 0
3 13136 17861 0
3 8204 18766 0
3 11795 19891 0
3 7093 20063 0
3 378 19168 0
3 11120 20536 0
3 16970 18037 0
3 1749 20594 0
3 16669 18111 0
3 2878 17726 0
3 1109 20462 0
3 14163 17393 0
3 8605 17749 0
3 12106 21303 0
3 16283 18965 0
3 9548 18687 0
3 10622 18580 0
3 3650 20938 0
3 9298 18994 0
3 546 18684 0
3 9235 19783 0
3 1758 20907 0
3 524 19085 0
3 15910 17862 0
3 4718 17493 0
3 9773 17446 0
3 10629 17516 0
3 13607 18234 0
3 8954 17451 0
3 13168 18615 0
3 5273 21036 0
3 15107 18653 0
3 12060 18078 0
3 13879 18744 0
3 13730 18555 0
3 6485 20523 0
3 4408 20685 0
3 7891 17660 0
3 5615 18569 0
3 4992 18543 0
3 3343 19505 0
3 11431 21171 0
3 14192 19417 0
3 16743 20659 0
3 15595 18233 0
3 10820 18468 0
3 5986 18156 0
3 6108 19122 0
3 1925 18378 0
3 13237 17560 0
3 10996 21099 0
3 124 20171 0
3 9616 17835 0
3 10746 18814 0
3 14685 17317 0
3 15445 19128 0
3 13582 18053 0
3 4933 20454 0
3 14370 20066 0
3 4161 21248 0
3 6170 21179 0
3 8277 21285 0
3 16675 19744 0
3 1016 20701 0
3 12037 18708 0
3 1899 19442 0
3 9348 19179 0
3 9754 20542 0
3 6455 18682 0
3 12159 18712 0
3 14257 18549 0
3 4455 18300 0
3 1147 17766 0
3 10232 18751 0
3 12172 18069 0
3 5140 21121 0
3 9529 19557 0
3 8001 17400 0
3 2402 19044 0
3 11245 21168 0
3 13617 19839 0
3 3693 20141 0
3 4421 17554 0
3 11364 21064 0
3 13200 18489 0
3 15617 19393 0
3 10423 18593 0
3 14307 18199 0
3 16465 18002 0
3 2499 20261 0
3 7574 20088 0
3 340 20151 0
3 1015 21027 0
3 12585 19954 0
3 13909 17782 0
3 1573 18315 0
3 5498 19141 0
3 10911 18007 0
3 9158 18135 0
3 15482 18231 0
3 11686 18550 0
3 1477 19994 0
3 2788 18714 0
3 7023 18544 0
3 12581 18589 0
3 2464 18741 0
3 767 20039 0
3 8870 20466 0
3 1411 18339 0
3 3315 19702 0
3 1746 18819 0
3 6787 20809 0
3 7131 17988 0
3 10067 18293 0
3 14409 20668 0
3 10042 17795 0
3 12080 21207 0
3 16896 17472 0
3 3598 19208 0
3 9514 18373 0
3 4986 21117 0
3 3335 19684 0
3 2585 17376 0
3 15402 17561 0
3 11979 17342 0
3 5885 19744 0
3 11288 19984 0
3 749 19860 0
3 14028 17675 0
3 1514 18764 0
3 12732 18053 0
3 9904 21114 0
3 11115 20898 0
3 3005 20617 0
3 3676 21248 0
3 11754 18951 0
3 16472 18749 0
3 934 17642 0
3 12788 18461 0
3 540 21140 0
3 15818 19256 0
3 9467 18353 0
3 14763 17560 0
3 10167 17768 0
3 12449 18997 0
3 6822 19159 0
3 9020 20377 0
3 11974 18889 0
3 5656 20176 0
3 14914 18586 0
3 2712 20006 0
3 2836 19471 0
3 12660 18665 0
3 49 18805 0
3 3005 19032 0
3 235 21133 0
3 2299 19595 0
3 9682 18379 0
3 13519 21170 0
3 4193 17684 0
3 10324 20905 0
3 4478 18597 0
3 14615 18945 0
3 2128 20701 0
3 13859 20107 0
3 512 20584 0
3 86 17470 0
3 2444 18518 0
3 6640 19130 0
3 9959 18069 0
3 13690 18193 0
3 3270 19761 0
3 13184 20078 0
3 2096 18350 0
3 12485 18254 0
3 3801 18842 0
3 15939 20699 0
3 13918 20676 0
3 11574 17440 0
3 16982 18485 0
3 7141 20712 0
3 4497 19773 0
3 16905 21030 0
3 182 20600 0
3 6168 18457 0
3 10618 20260 0
3 3844 20219 0
3 2988 18085 0
3 5232 18731 0
3 9409 21117 0
3 4326 19620 0
3 10539 21291 0
3 12442 17603 0
3 6834 20150 0
3 12264 19412 0
3 2681 20648 0
3 4355 17960 0
3 3985 21112 0
3 1209 17444 0
3 2230 19628 0
3 11878 17430 0
3 8707 17679 0
3 12053 18949 0
3 16457 20108 0
3 11776 21020 0
3 4479 20585 0
3 16813 20982 0
3 13021 18624 0
3 1196 20528 0
3 12762 17799 0
3 2083 19948 0
3 4674 17302 0
3 5354 17373 0
3 12493 20557 0
3 4397 17985 0
3 17020 19103 0
3 15422 20379 0
3 5554 20030 0
3 1831 17733 0
3 2714 20531 0
3 319 19787 0
3 9084 20184 0
3 12770 18704 0
3 15840 17776 0
3 3709 20131 0
3 6027 20478 0
3 9385 19207 0
3 3061 17359 0
3 7287 19518 0
3 6427 17656 0
3 7832 20243 0
3 12713 19810 0
3 3368 19032 0
3 10342 18314 0
3 7356 19913 0
3 13707 19149 0
3 11217 18352 0
3 14522 17319 0
3 450 18352 0
3 10908 17592 0
3 15644 17578 0
3 6771 18306 0
3 3481 18173 0
3 11830 20399 0
3 2167 17509 0
3 15406 19820 0
3 16958 18346 0
3 15351 19424 0
3 15878 18089 0
3 11018 18988 0
3 10908 17450 0
3 4868 21165 0
3 8041 17444 0
3 4049 18562 0
3 3278 18378 0
3 2119 17308 0
3 4168 17543 0
3 931 18640 0
3 8281 20859 0
3 2185 18109 0
3 8317 18372 0
3 14180 20242 0
3 3777 18302 0
3 4308 20390 0
3 1898 20686 0
3 17097 21299 0
3 6255 18172 0
3 14481 17848 0
3 15446 18428 0
3 14239 21244 0
3 11749 18147 0
3 13775 17712 0
3 5682 20647 0
3 11684 19685 0
3 13890 19264 0
3 14514 21144 0
3 3931 19325 0
3 16702 19995 0
3 10847 19532 0
3 13651 17611 0
3 12879 19350 0
3 15498 18853 0
3 15158 20075 0
3 15732 20265 0
3 1734 19780 0
3 7056 21056 0
3 14400 17957 0
3 8868 18086 0
3 8626 19699 0
3 9686 18652 0
3 9150 19732 0
3 3764 19438 0
3 6623 20190 0
3 2557 19188 0
3 5141 19794 0
3 3494 17555 0
3 806 19772 0
3 15310 17989 0
3 4746 17466 0
3 14465 18189 0
3 16745 20247 0
3 16488 17769 0
3 11827 18509 0
3 14115 18714 0
3 2931 17879 0
3 1346 19775 0
3 13617 18544 0
3 4609 19532 0
3 45 20722 0
3 3889 19272 0
3 1982 18037 0
3 3868 19686 0
3 8812 19330 0
3 6609 18366 0
3 9990 20268 0
3 14066 19408 0
3 8642 17826 0
3 4901 18275 0
3 7211 17367 0
3 12444 19775 0
3 3206 18348 0
3 15811 19139 0
3 5014 18232 0
3 2900 17347 0
3 9966 20879 0
3 14637 17648 0
3 15757 17900 0
3 1469 20395 0
3 15622 18143 0
3 1276 21206 0
3 762 18248 0
3 1994 17675 0
3 12440 20985 0
3 15981 17575 0
3 5807 20430 0
3 13848 21165 0
3 10982 18601 0
3 5447 21150 0
3 5206 17698 0
3 5704 18139 0
3 2232 18528 0
3 14341 20012 0
3 1052 20410 0
3 2454 19988 0
3 15427 19292 0
3 4954 18958 0
3 1361 19068 0
3 11972 19671 0
3 3485 19316 0
3 16473 20782 0
3 14645 19304 0
3 14700 17294 0
3 9139 20576 0
3 15055 18324 0
3 9792 18377 0
3 16603 19290 0
3 10467 17483 0
3 16732 19944 0
3 5177 19827 0
3 13108 21214 0
3 14665 19406 0
3 4416 20544 0
3 7321 17879 0
3 4840 21260 0
3 14154 18603 0
3 1626 20656 0
3 8469 20904 0
3 3645 20205 0
3 14274 19936 0
3 16754 20235 0
3 13647 18294 0
3 14646 21018 0
3 15287 20917 0
3 15173 19662 0
3 8401 18086 0
3 5946 19112 0
3 480 18598 0
3 8892 18723 0
3 6402 20478 0
3 8668 18397 0
3 11860 19743 0
3 12985 20411 0
3 13401 19429 0
3 16908 17973 0
3 10661 18496 0
3 10123 18162 0
3 12231 17665 0
3 8198 21090 0
3 617 19090 0
3 12320 19634 0
3 12146 17472 0
3 16020 19880 0
3 13246 17628 0
3 5009 18754 0
3 8581 18407 0
3 2591 19139 0
3 14924 18187 0
3 7443 18678 0
3 3713 20953 0
3 8359 17656 0
3 16943 20996 0
3 13854 17377 0
3 1335 18993 0
3 12520 21029 0
3 480 21016 0
3 3784 19234 0
3 8044 17883 0
3 16638 17621 0
3 10238 19548 0
3 2763 18084 0
3 6463 18414 0
3 12027 17986 0
3 2018 18502 0
3 12100 19951 0
3 16582 20119 0
3 14950 17532 0
3 11152 21040 0
3 3421 17686 0
3 4212 19448 0
3 12470 21238 0
3 11290 20741 0
3 5402 18240 0
3 1762 18403 0
3 16662 19833 0
3 3032 18607 0
3 11305 21173 0
3 13268 18647 0
3 3314 19255 0
3 6665 18119 0
3 4136 20516 0
3 4458 17754 0
3 16471 17357 0
3 7889 19421 0
3 2323 18932 0
3 7573 18952 0
3 1263 19553 0
3 15999 21015 0
3 11251 20698 0
3 5908 17496 0
3 12132 18094 0
3 10697 18547 0
3 2588 18936 0
3 10790 18002 0
3 2037 20909 0
3 4201 20091 0
3 12262 20743 0
3 1940 19392 0
3 12131 17742 0
3 326 17804 0
3 13855 18637 0
3 13926 18593 0
3 7180 20356 0
3 3281 18788 0
3 16253 19642 0
3 4418 20630 0
3 6434 17940 0
3 3817 21041 0
3 9126 20643 0
3 9997 20839 0
3 2537 21233 0
3 16358 19522 0
3 4830 18651 0
3 8960 18746 0
3 7137 21143 0
3 7596 17840 0
3 16102 20749 0
3 10436 21081 0
3 15933 19418 0
3 4871 19030 0
3 4065 20246 0
3 12884 19322 0
3 16116 20066 0
3 3403 17922 0
3 15520 18420 0
3 7204 19674 0
3 4956 18971 0
3 5648 18276 0
3 6495 20718 0
3 5534 19169 0
3 14542 19835 0
3 14838 18258 0
3 5052 20538 0
3 14836 20568 0
3 1623 21187 0
3 6587 21243 0
3 11392 20562 0
3 16998 19635 0
3 4170 19864 0
3 3467 18389 0
3 13738 19637 0
3 1204 19326 0
3 16229 20812 0
3 4428 18427 0
3 281 21106 0
3 10786 17932 0
3 9354 20356 0
3 4982 19070 0
3 13504 19655 0
3 14357 19714 0
3 1149 20156 0
3 14414 18870 0
3 4607 19543 0
3 11532 17549 0
3 14527 21237 0
3 8539 21038 0
3 4665 18482 0
3 14716 19768 0
3 3119 20545 0
3 5663 19324 0
3 12939 20866 0
3 14971 18507 0
3 13003 20933 0
3 16632 17690 0
3 14700 17679 0
3 9742 20448 0
3 6897 19799 0
3 12129 17929 0
3 17050 18958 0
3 13848 21039 0
3 9431 17330 0
3 8911 17507 0
3 1702 17503 0
3 8428 18341 0
3 4608 19564 0
3 11369 18736 0
3 4225 21174 0
3 13944 19713 0
3 5761 20020 0
3 16878 17628 0
3 791 18663 0
3 1639 19510 0
3 10001 18987 0
3 8131 18275 0
3 14771 18245 0
3 10645 18800 0
3 4229 18026 0
3 12794 19098 0
3 16092 20240 0
3 5879 20302 0
3 4454 21186 0
3 1405 19875 0
3 7979 17688 0
3 13505 20396 0
3 7217 19746 0
3 13814 17540 0
3 14095 18344 0
3 10530 18156 0
3 10789 19178 0
3 4457 20915 0
3 1240 18233 0
3 1474 17638 0
3 15319 18568 0
3 4866 20214 0
3 9912 19374 0
3 7956 18038 0
3 11586 17436 0
3 8265 18982 0
3 10458 20643 0
3 6959 17932 0
3 8557 21189 0
3 13746 18430 0
3 11761 18585 0
3 5729 20926 0
3 10361 20510 0
3 5231 19660 0
3 2152 18094 0
3 5502 21063 0
3 10826 19010 0
3 3020 19626 0
3 10472 18440 0
3 4320 20297 0
3 330 18096 0
3 8343 18607 0
3 7102 20872 0
3 12853 18369 0
3 10327 21257 0
3 12704 19421 0
3 12152 18510 0
3 10169 20899 0
3 4090 18897 0
3 8428 21282 0
3 13666 17505 0
3 8534 17765 0
3 15558 18298 0
3 14335 17917 0
3 6165 20181 0
3 11268 19016 0
3 16342 19633 0
3 15228 19119 0
3 17163 21086 0
3 17212 18358 0
3 12530 19173 0
3 2904 17387 0
3 5530 20164 0
3 5592 20612 0
3 8346 18923 0
3 15248 18482 0
3 6478 20294 0
3 11273 17706 0
3 16608 18127 0
3 5884 20399 0
3 11958 21095 0
3 3806 17928 0
3 12860 20719 0
3 14859 17705 0
3 2378 17356 0
3 6437 18657 0
3 11590 20784 0
3 13362 17944 0
3 2378 19054 0
3 9656 19697 0
3 8994 18231 0
3 1694 19779 0
3 9496 19043 0
3 7776 20749 0
3 9542 19494 0
3 3369 20140 0
3 2554 20925 0
3 4445 18716 0
3 14777 19904 0
4 7957 18893 1
4 2551 18059 1
4 4438 18544 1
4 15188 20692 1
4 13891 20375 1
4 9071 19252 1
4 8847 19164 1
4 9007 19241 1
4 1860 17897 1
4 6953 18681 1
4 11803 19949 1
4 8593 19077 1
4 7907 18879 1
4 2485 18035 1
4 15837 20902 1
4 14835 20672 1
4 1024 17618 1
4 10311 19596 1
4 2752 18147 1
4 8087 18934 1
4 10526 19648 1
4 1843 17891 1
4 11089 19844 1
4 2740 18147 1
4 11575 19922 1
4 2687 17422 0
4 6769 17877 0
4 11352 20166 0
4 16691 17768 0
4 308 18898 0
4 1326 20589 0
4 13199 20696 0
4 7384 17849 0
4 6676 18597 0
4 15599 17539 0
4 6394 20744 0
4 7297 21064 0
4 2265 18556 0
4 17203 20807 0
4 8946 17630 0
4 5447 21072 0
4 4040 20318 0
4 5411 20981 0
4 14443 20933 0
4 6706 21044 0
4 16327 20955 0
4 10939 18464 0
4 12328 19146 0
4 4697 20437 0
4 5369 17305 0
